0 3.8634 5.47886 6.422 8.48208 9.38207 5.61818 5.84046 4.93146 7.59396 
3.8634 0 2.41592 2.83971 5.06818 5.56245 3.68806 4.0304 1.20156 3.95985 
5.47886 2.41592 0 3.72348 5.80711 5.2709 5.72671 6.06172 2.69284 4.52356 
6.422 2.83971 3.72348 0 2.27598 3.13509 2.9032 3.16764 1.65132 1.23305 
8.48208 5.06818 5.80711 2.27598 0 2.41226 3.71574 3.80191 3.87457 1.31709 
9.38207 5.56245 5.2709 3.13509 2.41226 0 5.68625 5.8615 4.45189 2.10567 
5.61818 3.68806 5.72671 2.9032 3.71574 5.68625 0 0.348084 3.11218 3.60483 
5.84046 4.0304 6.06172 3.16764 3.80191 5.8615 0.348084 0 3.4534 3.80234 
4.93146 1.20156 2.69284 1.65132 3.87457 4.45189 3.11218 3.4534 0 2.76134 
7.59396 3.95985 4.52356 1.23305 1.31709 2.10567 3.60483 3.80234 2.76134 0 
0 3.8634 5.47886 6.422 8.48208 9.38207 5.61818 5.84046 4.93146 7.59396 
3.8634 0 2.41592 2.83971 5.06818 5.56245 3.68806 4.0304 1.20156 3.95985 
5.47886 2.41592 0 3.72348 5.80711 5.2709 5.72671 6.06172 2.69284 4.52356 
6.422 2.83971 3.72348 0 2.27598 3.13509 2.9032 3.16764 1.65132 1.23305 
8.48208 5.06818 5.80711 2.27598 0 2.41226 3.71574 3.80191 3.87457 1.31709 
9.38207 5.56245 5.2709 3.13509 2.41226 0 5.68625 5.8615 4.45189 2.10567 
5.61818 3.68806 5.72671 2.9032 3.71574 5.68625 0 0.348084 3.11218 3.60483 
5.84046 4.0304 6.06172 3.16764 3.80191 5.8615 0.348084 0 3.4534 3.80234 
4.93146 1.20156 2.69284 1.65132 3.87457 4.45189 3.11218 3.4534 0 2.76134 
7.59396 3.95985 4.52356 1.23305 1.31709 2.10567 3.60483 3.80234 2.76134 0 
0 3.8634 5.47886 6.422 8.48208 9.38207 5.61818 5.84046 4.93146 7.59396 
3.8634 0 2.41592 2.83971 5.06818 5.56245 3.68806 4.0304 1.20156 3.95985 
5.47886 2.41592 0 3.72348 5.80711 5.2709 5.72671 6.06172 2.69284 4.52356 
6.422 2.83971 3.72348 0 2.27598 3.13509 2.9032 3.16764 1.65132 1.23305 
8.48208 5.06818 5.80711 2.27598 0 2.41226 3.71574 3.80191 3.87457 1.31709 
9.38207 5.56245 5.2709 3.13509 2.41226 0 5.68625 5.8615 4.45189 2.10567 
5.61818 3.68806 5.72671 2.9032 3.71574 5.68625 0 0.348084 3.11218 3.60483 
5.84046 4.0304 6.06172 3.16764 3.80191 5.8615 0.348084 0 3.4534 3.80234 
4.93146 1.20156 2.69284 1.65132 3.87457 4.45189 3.11218 3.4534 0 2.76134 
7.59396 3.95985 4.52356 1.23305 1.31709 2.10567 3.60483 3.80234 2.76134 0 
0 3.8634 5.47886 6.422 8.48208 9.38207 5.61818 5.84046 4.93146 7.59396 
3.8634 0 2.41592 2.83971 5.06818 5.56245 3.68806 4.0304 1.20156 3.95985 
5.47886 2.41592 0 3.72348 5.80711 5.2709 5.72671 6.06172 2.69284 4.52356 
6.422 2.83971 3.72348 0 2.27598 3.13509 2.9032 3.16764 1.65132 1.23305 
8.48208 5.06818 5.80711 2.27598 0 2.41226 3.71574 3.80191 3.87457 1.31709 
9.38207 5.56245 5.2709 3.13509 2.41226 0 5.68625 5.8615 4.45189 2.10567 
5.61818 3.68806 5.72671 2.9032 3.71574 5.68625 0 0.348084 3.11218 3.60483 
5.84046 4.0304 6.06172 3.16764 3.80191 5.8615 0.348084 0 3.4534 3.80234 
4.93146 1.20156 2.69284 1.65132 3.87457 4.45189 3.11218 3.4534 0 2.76134 
7.59396 3.95985 4.52356 1.23305 1.31709 2.10567 3.60483 3.80234 2.76134 0 
0 3.8634 5.47886 6.422 8.48208 9.38207 5.61818 5.84046 4.93146 7.59396 
3.8634 0 2.41592 2.83971 5.06818 5.56245 3.68806 4.0304 1.20156 3.95985 
5.47886 2.41592 0 3.72348 5.80711 5.2709 5.72671 6.06172 2.69284 4.52356 
6.422 2.83971 3.72348 0 2.27598 3.13509 2.9032 3.16764 1.65132 1.23305 
8.48208 5.06818 5.80711 2.27598 0 2.41226 3.71574 3.80191 3.87457 1.31709 
9.38207 5.56245 5.2709 3.13509 2.41226 0 5.68625 5.8615 4.45189 2.10567 
5.61818 3.68806 5.72671 2.9032 3.71574 5.68625 0 0.348084 3.11218 3.60483 
5.84046 4.0304 6.06172 3.16764 3.80191 5.8615 0.348084 0 3.4534 3.80234 
4.93146 1.20156 2.69284 1.65132 3.87457 4.45189 3.11218 3.4534 0 2.76134 
7.59396 3.95985 4.52356 1.23305 1.31709 2.10567 3.60483 3.80234 2.76134 0 
0 3.8634 5.47886 6.422 8.48208 9.38207 5.61818 5.84046 4.93146 7.59396 
3.8634 0 2.41592 2.83971 5.06818 5.56245 3.68806 4.0304 1.20156 3.95985 
5.47886 2.41592 0 3.72348 5.80711 5.2709 5.72671 6.06172 2.69284 4.52356 
6.422 2.83971 3.72348 0 2.27598 3.13509 2.9032 3.16764 1.65132 1.23305 
8.48208 5.06818 5.80711 2.27598 0 2.41226 3.71574 3.80191 3.87457 1.31709 
9.38207 5.56245 5.2709 3.13509 2.41226 0 5.68625 5.8615 4.45189 2.10567 
5.61818 3.68806 5.72671 2.9032 3.71574 5.68625 0 0.348084 3.11218 3.60483 
5.84046 4.0304 6.06172 3.16764 3.80191 5.8615 0.348084 0 3.4534 3.80234 
4.93146 1.20156 2.69284 1.65132 3.87457 4.45189 3.11218 3.4534 0 2.76134 
7.59396 3.95985 4.52356 1.23305 1.31709 2.10567 3.60483 3.80234 2.76134 0 
0 3.8634 5.47886 6.422 8.48208 9.38207 5.61818 5.84046 4.93146 7.59396 
3.8634 0 2.41592 2.83971 5.06818 5.56245 3.68806 4.0304 1.20156 3.95985 
5.47886 2.41592 0 3.72348 5.80711 5.2709 5.72671 6.06172 2.69284 4.52356 
6.422 2.83971 3.72348 0 2.27598 3.13509 2.9032 3.16764 1.65132 1.23305 
8.48208 5.06818 5.80711 2.27598 0 2.41226 3.71574 3.80191 3.87457 1.31709 
9.38207 5.56245 5.2709 3.13509 2.41226 0 5.68625 5.8615 4.45189 2.10567 
5.61818 3.68806 5.72671 2.9032 3.71574 5.68625 0 0.348084 3.11218 3.60483 
5.84046 4.0304 6.06172 3.16764 3.80191 5.8615 0.348084 0 3.4534 3.80234 
4.93146 1.20156 2.69284 1.65132 3.87457 4.45189 3.11218 3.4534 0 2.76134 
7.59396 3.95985 4.52356 1.23305 1.31709 2.10567 3.60483 3.80234 2.76134 0 
0 3.8634 5.47886 6.422 8.48208 9.38207 5.61818 5.84046 4.93146 7.59396 
3.8634 0 2.41592 2.83971 5.06818 5.56245 3.68806 4.0304 1.20156 3.95985 
5.47886 2.41592 0 3.72348 5.80711 5.2709 5.72671 6.06172 2.69284 4.52356 
6.422 2.83971 3.72348 0 2.27598 3.13509 2.9032 3.16764 1.65132 1.23305 
8.48208 5.06818 5.80711 2.27598 0 2.41226 3.71574 3.80191 3.87457 1.31709 
9.38207 5.56245 5.2709 3.13509 2.41226 0 5.68625 5.8615 4.45189 2.10567 
5.61818 3.68806 5.72671 2.9032 3.71574 5.68625 0 0.348084 3.11218 3.60483 
5.84046 4.0304 6.06172 3.16764 3.80191 5.8615 0.348084 0 3.4534 3.80234 
4.93146 1.20156 2.69284 1.65132 3.87457 4.45189 3.11218 3.4534 0 2.76134 
7.59396 3.95985 4.52356 1.23305 1.31709 2.10567 3.60483 3.80234 2.76134 0 
0 3.8634 5.47886 6.422 8.48208 9.38207 5.61818 5.84046 4.93146 7.59396 
3.8634 0 2.41592 2.83971 5.06818 5.56245 3.68806 4.0304 1.20156 3.95985 
5.47886 2.41592 0 3.72348 5.80711 5.2709 5.72671 6.06172 2.69284 4.52356 
6.422 2.83971 3.72348 0 2.27598 3.13509 2.9032 3.16764 1.65132 1.23305 
8.48208 5.06818 5.80711 2.27598 0 2.41226 3.71574 3.80191 3.87457 1.31709 
9.38207 5.56245 5.2709 3.13509 2.41226 0 5.68625 5.8615 4.45189 2.10567 
5.61818 3.68806 5.72671 2.9032 3.71574 5.68625 0 0.348084 3.11218 3.60483 
5.84046 4.0304 6.06172 3.16764 3.80191 5.8615 0.348084 0 3.4534 3.80234 
4.93146 1.20156 2.69284 1.65132 3.87457 4.45189 3.11218 3.4534 0 2.76134 
7.59396 3.95985 4.52356 1.23305 1.31709 2.10567 3.60483 3.80234 2.76134 0 
0 3.8634 5.47886 6.422 8.48208 9.38207 5.61818 5.84046 4.93146 7.59396 
3.8634 0 2.41592 2.83971 5.06818 5.56245 3.68806 4.0304 1.20156 3.95985 
5.47886 2.41592 0 3.72348 5.80711 5.2709 5.72671 6.06172 2.69284 4.52356 
6.422 2.83971 3.72348 0 2.27598 3.13509 2.9032 3.16764 1.65132 1.23305 
8.48208 5.06818 5.80711 2.27598 0 2.41226 3.71574 3.80191 3.87457 1.31709 
9.38207 5.56245 5.2709 3.13509 2.41226 0 5.68625 5.8615 4.45189 2.10567 
5.61818 3.68806 5.72671 2.9032 3.71574 5.68625 0 0.348084 3.11218 3.60483 
5.84046 4.0304 6.06172 3.16764 3.80191 5.8615 0.348084 0 3.4534 3.80234 
4.93146 1.20156 2.69284 1.65132 3.87457 4.45189 3.11218 3.4534 0 2.76134 
7.59396 3.95985 4.52356 1.23305 1.31709 2.10567 3.60483 3.80234 2.76134 0 
0 3.8634 5.47886 6.422 8.48208 9.38207 5.61818 5.84046 4.93146 7.59396 
3.8634 0 2.41592 2.83971 5.06818 5.56245 3.68806 4.0304 1.20156 3.95985 
5.47886 2.41592 0 3.72348 5.80711 5.2709 5.72671 6.06172 2.69284 4.52356 
6.422 2.83971 3.72348 0 2.27598 3.13509 2.9032 3.16764 1.65132 1.23305 
8.48208 5.06818 5.80711 2.27598 0 2.41226 3.71574 3.80191 3.87457 1.31709 
9.38207 5.56245 5.2709 3.13509 2.41226 0 5.68625 5.8615 4.45189 2.10567 
5.61818 3.68806 5.72671 2.9032 3.71574 5.68625 0 0.348084 3.11218 3.60483 
5.84046 4.0304 6.06172 3.16764 3.80191 5.8615 0.348084 0 3.4534 3.80234 
4.93146 1.20156 2.69284 1.65132 3.87457 4.45189 3.11218 3.4534 0 2.76134 
7.59396 3.95985 4.52356 1.23305 1.31709 2.10567 3.60483 3.80234 2.76134 0 
0 3.8634 5.47886 6.422 8.48208 9.38207 5.61818 5.84046 4.93146 7.59396 
3.8634 0 2.41592 2.83971 5.06818 5.56245 3.68806 4.0304 1.20156 3.95985 
5.47886 2.41592 0 3.72348 5.80711 5.2709 5.72671 6.06172 2.69284 4.52356 
6.422 2.83971 3.72348 0 2.27598 3.13509 2.9032 3.16764 1.65132 1.23305 
8.48208 5.06818 5.80711 2.27598 0 2.41226 3.71574 3.80191 3.87457 1.31709 
9.38207 5.56245 5.2709 3.13509 2.41226 0 5.68625 5.8615 4.45189 2.10567 
5.61818 3.68806 5.72671 2.9032 3.71574 5.68625 0 0.348084 3.11218 3.60483 
5.84046 4.0304 6.06172 3.16764 3.80191 5.8615 0.348084 0 3.4534 3.80234 
4.93146 1.20156 2.69284 1.65132 3.87457 4.45189 3.11218 3.4534 0 2.76134 
7.59396 3.95985 4.52356 1.23305 1.31709 2.10567 3.60483 3.80234 2.76134 0 
0 3.8634 5.47886 6.422 8.48208 9.38207 5.61818 5.84046 4.93146 7.59396 
3.8634 0 2.41592 2.83971 5.06818 5.56245 3.68806 4.0304 1.20156 3.95985 
5.47886 2.41592 0 3.72348 5.80711 5.2709 5.72671 6.06172 2.69284 4.52356 
6.422 2.83971 3.72348 0 2.27598 3.13509 2.9032 3.16764 1.65132 1.23305 
8.48208 5.06818 5.80711 2.27598 0 2.41226 3.71574 3.80191 3.87457 1.31709 
9.38207 5.56245 5.2709 3.13509 2.41226 0 5.68625 5.8615 4.45189 2.10567 
5.61818 3.68806 5.72671 2.9032 3.71574 5.68625 0 0.348084 3.11218 3.60483 
5.84046 4.0304 6.06172 3.16764 3.80191 5.8615 0.348084 0 3.4534 3.80234 
4.93146 1.20156 2.69284 1.65132 3.87457 4.45189 3.11218 3.4534 0 2.76134 
7.59396 3.95985 4.52356 1.23305 1.31709 2.10567 3.60483 3.80234 2.76134 0 
0 3.8634 5.47886 6.422 8.48208 9.38207 5.61818 5.84046 4.93146 7.59396 
3.8634 0 2.41592 2.83971 5.06818 5.56245 3.68806 4.0304 1.20156 3.95985 
5.47886 2.41592 0 3.72348 5.80711 5.2709 5.72671 6.06172 2.69284 4.52356 
6.422 2.83971 3.72348 0 2.27598 3.13509 2.9032 3.16764 1.65132 1.23305 
8.48208 5.06818 5.80711 2.27598 0 2.41226 3.71574 3.80191 3.87457 1.31709 
9.38207 5.56245 5.2709 3.13509 2.41226 0 5.68625 5.8615 4.45189 2.10567 
5.61818 3.68806 5.72671 2.9032 3.71574 5.68625 0 0.348084 3.11218 3.60483 
5.84046 4.0304 6.06172 3.16764 3.80191 5.8615 0.348084 0 3.4534 3.80234 
4.93146 1.20156 2.69284 1.65132 3.87457 4.45189 3.11218 3.4534 0 2.76134 
7.59396 3.95985 4.52356 1.23305 1.31709 2.10567 3.60483 3.80234 2.76134 0 
0 3.8634 5.47886 6.422 8.48208 9.38207 5.61818 5.84046 4.93146 7.59396 
3.8634 0 2.41592 2.83971 5.06818 5.56245 3.68806 4.0304 1.20156 3.95985 
5.47886 2.41592 0 3.72348 5.80711 5.2709 5.72671 6.06172 2.69284 4.52356 
6.422 2.83971 3.72348 0 2.27598 3.13509 2.9032 3.16764 1.65132 1.23305 
8.48208 5.06818 5.80711 2.27598 0 2.41226 3.71574 3.80191 3.87457 1.31709 
9.38207 5.56245 5.2709 3.13509 2.41226 0 5.68625 5.8615 4.45189 2.10567 
5.61818 3.68806 5.72671 2.9032 3.71574 5.68625 0 0.348084 3.11218 3.60483 
5.84046 4.0304 6.06172 3.16764 3.80191 5.8615 0.348084 0 3.4534 3.80234 
4.93146 1.20156 2.69284 1.65132 3.87457 4.45189 3.11218 3.4534 0 2.76134 
7.59396 3.95985 4.52356 1.23305 1.31709 2.10567 3.60483 3.80234 2.76134 0 
0 3.8634 5.47886 6.422 8.48208 9.38207 5.61818 5.84046 4.93146 7.59396 
3.8634 0 2.41592 2.83971 5.06818 5.56245 3.68806 4.0304 1.20156 3.95985 
5.47886 2.41592 0 3.72348 5.80711 5.2709 5.72671 6.06172 2.69284 4.52356 
6.422 2.83971 3.72348 0 2.27598 3.13509 2.9032 3.16764 1.65132 1.23305 
8.48208 5.06818 5.80711 2.27598 0 2.41226 3.71574 3.80191 3.87457 1.31709 
9.38207 5.56245 5.2709 3.13509 2.41226 0 5.68625 5.8615 4.45189 2.10567 
5.61818 3.68806 5.72671 2.9032 3.71574 5.68625 0 0.348084 3.11218 3.60483 
5.84046 4.0304 6.06172 3.16764 3.80191 5.8615 0.348084 0 3.4534 3.80234 
4.93146 1.20156 2.69284 1.65132 3.87457 4.45189 3.11218 3.4534 0 2.76134 
7.59396 3.95985 4.52356 1.23305 1.31709 2.10567 3.60483 3.80234 2.76134 0 
0 3.8634 5.47886 6.422 8.48208 9.38207 5.61818 5.84046 4.93146 7.59396 
3.8634 0 2.41592 2.83971 5.06818 5.56245 3.68806 4.0304 1.20156 3.95985 
5.47886 2.41592 0 3.72348 5.80711 5.2709 5.72671 6.06172 2.69284 4.52356 
6.422 2.83971 3.72348 0 2.27598 3.13509 2.9032 3.16764 1.65132 1.23305 
8.48208 5.06818 5.80711 2.27598 0 2.41226 3.71574 3.80191 3.87457 1.31709 
9.38207 5.56245 5.2709 3.13509 2.41226 0 5.68625 5.8615 4.45189 2.10567 
5.61818 3.68806 5.72671 2.9032 3.71574 5.68625 0 0.348084 3.11218 3.60483 
5.84046 4.0304 6.06172 3.16764 3.80191 5.8615 0.348084 0 3.4534 3.80234 
4.93146 1.20156 2.69284 1.65132 3.87457 4.45189 3.11218 3.4534 0 2.76134 
7.59396 3.95985 4.52356 1.23305 1.31709 2.10567 3.60483 3.80234 2.76134 0 
0 3.8634 5.47886 6.422 8.48208 9.38207 5.61818 5.84046 4.93146 7.59396 
3.8634 0 2.41592 2.83971 5.06818 5.56245 3.68806 4.0304 1.20156 3.95985 
5.47886 2.41592 0 3.72348 5.80711 5.2709 5.72671 6.06172 2.69284 4.52356 
6.422 2.83971 3.72348 0 2.27598 3.13509 2.9032 3.16764 1.65132 1.23305 
8.48208 5.06818 5.80711 2.27598 0 2.41226 3.71574 3.80191 3.87457 1.31709 
9.38207 5.56245 5.2709 3.13509 2.41226 0 5.68625 5.8615 4.45189 2.10567 
5.61818 3.68806 5.72671 2.9032 3.71574 5.68625 0 0.348084 3.11218 3.60483 
5.84046 4.0304 6.06172 3.16764 3.80191 5.8615 0.348084 0 3.4534 3.80234 
4.93146 1.20156 2.69284 1.65132 3.87457 4.45189 3.11218 3.4534 0 2.76134 
7.59396 3.95985 4.52356 1.23305 1.31709 2.10567 3.60483 3.80234 2.76134 0 
0 3.8634 5.47886 6.422 8.48208 9.38207 5.61818 5.84046 4.93146 7.59396 
3.8634 0 2.41592 2.83971 5.06818 5.56245 3.68806 4.0304 1.20156 3.95985 
5.47886 2.41592 0 3.72348 5.80711 5.2709 5.72671 6.06172 2.69284 4.52356 
6.422 2.83971 3.72348 0 2.27598 3.13509 2.9032 3.16764 1.65132 1.23305 
8.48208 5.06818 5.80711 2.27598 0 2.41226 3.71574 3.80191 3.87457 1.31709 
9.38207 5.56245 5.2709 3.13509 2.41226 0 5.68625 5.8615 4.45189 2.10567 
5.61818 3.68806 5.72671 2.9032 3.71574 5.68625 0 0.348084 3.11218 3.60483 
5.84046 4.0304 6.06172 3.16764 3.80191 5.8615 0.348084 0 3.4534 3.80234 
4.93146 1.20156 2.69284 1.65132 3.87457 4.45189 3.11218 3.4534 0 2.76134 
7.59396 3.95985 4.52356 1.23305 1.31709 2.10567 3.60483 3.80234 2.76134 0 
0 3.8634 5.47886 6.422 8.48208 9.38207 5.61818 5.84046 4.93146 7.59396 
3.8634 0 2.41592 2.83971 5.06818 5.56245 3.68806 4.0304 1.20156 3.95985 
5.47886 2.41592 0 3.72348 5.80711 5.2709 5.72671 6.06172 2.69284 4.52356 
6.422 2.83971 3.72348 0 2.27598 3.13509 2.9032 3.16764 1.65132 1.23305 
8.48208 5.06818 5.80711 2.27598 0 2.41226 3.71574 3.80191 3.87457 1.31709 
9.38207 5.56245 5.2709 3.13509 2.41226 0 5.68625 5.8615 4.45189 2.10567 
5.61818 3.68806 5.72671 2.9032 3.71574 5.68625 0 0.348084 3.11218 3.60483 
5.84046 4.0304 6.06172 3.16764 3.80191 5.8615 0.348084 0 3.4534 3.80234 
4.93146 1.20156 2.69284 1.65132 3.87457 4.45189 3.11218 3.4534 0 2.76134 
7.59396 3.95985 4.52356 1.23305 1.31709 2.10567 3.60483 3.80234 2.76134 0 
0 3.8634 5.47886 6.422 8.48208 9.38207 5.61818 5.84046 4.93146 7.59396 
3.8634 0 2.41592 2.83971 5.06818 5.56245 3.68806 4.0304 1.20156 3.95985 
5.47886 2.41592 0 3.72348 5.80711 5.2709 5.72671 6.06172 2.69284 4.52356 
6.422 2.83971 3.72348 0 2.27598 3.13509 2.9032 3.16764 1.65132 1.23305 
8.48208 5.06818 5.80711 2.27598 0 2.41226 3.71574 3.80191 3.87457 1.31709 
9.38207 5.56245 5.2709 3.13509 2.41226 0 5.68625 5.8615 4.45189 2.10567 
5.61818 3.68806 5.72671 2.9032 3.71574 5.68625 0 0.348084 3.11218 3.60483 
5.84046 4.0304 6.06172 3.16764 3.80191 5.8615 0.348084 0 3.4534 3.80234 
4.93146 1.20156 2.69284 1.65132 3.87457 4.45189 3.11218 3.4534 0 2.76134 
7.59396 3.95985 4.52356 1.23305 1.31709 2.10567 3.60483 3.80234 2.76134 0 
0 3.8634 5.47886 6.422 8.48208 9.38207 5.61818 5.84046 4.93146 7.59396 
3.8634 0 2.41592 2.83971 5.06818 5.56245 3.68806 4.0304 1.20156 3.95985 
5.47886 2.41592 0 3.72348 5.80711 5.2709 5.72671 6.06172 2.69284 4.52356 
6.422 2.83971 3.72348 0 2.27598 3.13509 2.9032 3.16764 1.65132 1.23305 
8.48208 5.06818 5.80711 2.27598 0 2.41226 3.71574 3.80191 3.87457 1.31709 
9.38207 5.56245 5.2709 3.13509 2.41226 0 5.68625 5.8615 4.45189 2.10567 
5.61818 3.68806 5.72671 2.9032 3.71574 5.68625 0 0.348084 3.11218 3.60483 
5.84046 4.0304 6.06172 3.16764 3.80191 5.8615 0.348084 0 3.4534 3.80234 
4.93146 1.20156 2.69284 1.65132 3.87457 4.45189 3.11218 3.4534 0 2.76134 
7.59396 3.95985 4.52356 1.23305 1.31709 2.10567 3.60483 3.80234 2.76134 0 
0 3.8634 5.47886 6.422 8.48208 9.38207 5.61818 5.84046 4.93146 7.59396 
3.8634 0 2.41592 2.83971 5.06818 5.56245 3.68806 4.0304 1.20156 3.95985 
5.47886 2.41592 0 3.72348 5.80711 5.2709 5.72671 6.06172 2.69284 4.52356 
6.422 2.83971 3.72348 0 2.27598 3.13509 2.9032 3.16764 1.65132 1.23305 
8.48208 5.06818 5.80711 2.27598 0 2.41226 3.71574 3.80191 3.87457 1.31709 
9.38207 5.56245 5.2709 3.13509 2.41226 0 5.68625 5.8615 4.45189 2.10567 
5.61818 3.68806 5.72671 2.9032 3.71574 5.68625 0 0.348084 3.11218 3.60483 
5.84046 4.0304 6.06172 3.16764 3.80191 5.8615 0.348084 0 3.4534 3.80234 
4.93146 1.20156 2.69284 1.65132 3.87457 4.45189 3.11218 3.4534 0 2.76134 
7.59396 3.95985 4.52356 1.23305 1.31709 2.10567 3.60483 3.80234 2.76134 0 
0 3.8634 5.47886 6.422 8.48208 9.38207 5.61818 5.84046 4.93146 7.59396 
3.8634 0 2.41592 2.83971 5.06818 5.56245 3.68806 4.0304 1.20156 3.95985 
5.47886 2.41592 0 3.72348 5.80711 5.2709 5.72671 6.06172 2.69284 4.52356 
6.422 2.83971 3.72348 0 2.27598 3.13509 2.9032 3.16764 1.65132 1.23305 
8.48208 5.06818 5.80711 2.27598 0 2.41226 3.71574 3.80191 3.87457 1.31709 
9.38207 5.56245 5.2709 3.13509 2.41226 0 5.68625 5.8615 4.45189 2.10567 
5.61818 3.68806 5.72671 2.9032 3.71574 5.68625 0 0.348084 3.11218 3.60483 
5.84046 4.0304 6.06172 3.16764 3.80191 5.8615 0.348084 0 3.4534 3.80234 
4.93146 1.20156 2.69284 1.65132 3.87457 4.45189 3.11218 3.4534 0 2.76134 
7.59396 3.95985 4.52356 1.23305 1.31709 2.10567 3.60483 3.80234 2.76134 0 
0 3.8634 5.47886 6.422 8.48208 9.38207 5.61818 5.84046 4.93146 7.59396 
3.8634 0 2.41592 2.83971 5.06818 5.56245 3.68806 4.0304 1.20156 3.95985 
5.47886 2.41592 0 3.72348 5.80711 5.2709 5.72671 6.06172 2.69284 4.52356 
6.422 2.83971 3.72348 0 2.27598 3.13509 2.9032 3.16764 1.65132 1.23305 
8.48208 5.06818 5.80711 2.27598 0 2.41226 3.71574 3.80191 3.87457 1.31709 
9.38207 5.56245 5.2709 3.13509 2.41226 0 5.68625 5.8615 4.45189 2.10567 
5.61818 3.68806 5.72671 2.9032 3.71574 5.68625 0 0.348084 3.11218 3.60483 
5.84046 4.0304 6.06172 3.16764 3.80191 5.8615 0.348084 0 3.4534 3.80234 
4.93146 1.20156 2.69284 1.65132 3.87457 4.45189 3.11218 3.4534 0 2.76134 
7.59396 3.95985 4.52356 1.23305 1.31709 2.10567 3.60483 3.80234 2.76134 0 
0 3.8634 5.47886 6.422 8.48208 9.38207 5.61818 5.84046 4.93146 7.59396 
3.8634 0 2.41592 2.83971 5.06818 5.56245 3.68806 4.0304 1.20156 3.95985 
5.47886 2.41592 0 3.72348 5.80711 5.2709 5.72671 6.06172 2.69284 4.52356 
6.422 2.83971 3.72348 0 2.27598 3.13509 2.9032 3.16764 1.65132 1.23305 
8.48208 5.06818 5.80711 2.27598 0 2.41226 3.71574 3.80191 3.87457 1.31709 
9.38207 5.56245 5.2709 3.13509 2.41226 0 5.68625 5.8615 4.45189 2.10567 
5.61818 3.68806 5.72671 2.9032 3.71574 5.68625 0 0.348084 3.11218 3.60483 
5.84046 4.0304 6.06172 3.16764 3.80191 5.8615 0.348084 0 3.4534 3.80234 
4.93146 1.20156 2.69284 1.65132 3.87457 4.45189 3.11218 3.4534 0 2.76134 
7.59396 3.95985 4.52356 1.23305 1.31709 2.10567 3.60483 3.80234 2.76134 0 
0 3.8634 5.47886 6.422 8.48208 9.38207 5.61818 5.84046 4.93146 7.59396 
3.8634 0 2.41592 2.83971 5.06818 5.56245 3.68806 4.0304 1.20156 3.95985 
5.47886 2.41592 0 3.72348 5.80711 5.2709 5.72671 6.06172 2.69284 4.52356 
6.422 2.83971 3.72348 0 2.27598 3.13509 2.9032 3.16764 1.65132 1.23305 
8.48208 5.06818 5.80711 2.27598 0 2.41226 3.71574 3.80191 3.87457 1.31709 
9.38207 5.56245 5.2709 3.13509 2.41226 0 5.68625 5.8615 4.45189 2.10567 
5.61818 3.68806 5.72671 2.9032 3.71574 5.68625 0 0.348084 3.11218 3.60483 
5.84046 4.0304 6.06172 3.16764 3.80191 5.8615 0.348084 0 3.4534 3.80234 
4.93146 1.20156 2.69284 1.65132 3.87457 4.45189 3.11218 3.4534 0 2.76134 
7.59396 3.95985 4.52356 1.23305 1.31709 2.10567 3.60483 3.80234 2.76134 0 
0 3.8634 5.47886 6.422 8.48208 9.38207 5.61818 5.84046 4.93146 7.59396 
3.8634 0 2.41592 2.83971 5.06818 5.56245 3.68806 4.0304 1.20156 3.95985 
5.47886 2.41592 0 3.72348 5.80711 5.2709 5.72671 6.06172 2.69284 4.52356 
6.422 2.83971 3.72348 0 2.27598 3.13509 2.9032 3.16764 1.65132 1.23305 
8.48208 5.06818 5.80711 2.27598 0 2.41226 3.71574 3.80191 3.87457 1.31709 
9.38207 5.56245 5.2709 3.13509 2.41226 0 5.68625 5.8615 4.45189 2.10567 
5.61818 3.68806 5.72671 2.9032 3.71574 5.68625 0 0.348084 3.11218 3.60483 
5.84046 4.0304 6.06172 3.16764 3.80191 5.8615 0.348084 0 3.4534 3.80234 
4.93146 1.20156 2.69284 1.65132 3.87457 4.45189 3.11218 3.4534 0 2.76134 
7.59396 3.95985 4.52356 1.23305 1.31709 2.10567 3.60483 3.80234 2.76134 0 
0 3.8634 5.47886 6.422 8.48208 9.38207 5.61818 5.84046 4.93146 7.59396 
3.8634 0 2.41592 2.83971 5.06818 5.56245 3.68806 4.0304 1.20156 3.95985 
5.47886 2.41592 0 3.72348 5.80711 5.2709 5.72671 6.06172 2.69284 4.52356 
6.422 2.83971 3.72348 0 2.27598 3.13509 2.9032 3.16764 1.65132 1.23305 
8.48208 5.06818 5.80711 2.27598 0 2.41226 3.71574 3.80191 3.87457 1.31709 
9.38207 5.56245 5.2709 3.13509 2.41226 0 5.68625 5.8615 4.45189 2.10567 
5.61818 3.68806 5.72671 2.9032 3.71574 5.68625 0 0.348084 3.11218 3.60483 
5.84046 4.0304 6.06172 3.16764 3.80191 5.8615 0.348084 0 3.4534 3.80234 
4.93146 1.20156 2.69284 1.65132 3.87457 4.45189 3.11218 3.4534 0 2.76134 
7.59396 3.95985 4.52356 1.23305 1.31709 2.10567 3.60483 3.80234 2.76134 0 
0 3.8634 5.47886 6.422 8.48208 9.38207 5.61818 5.84046 4.93146 7.59396 
3.8634 0 2.41592 2.83971 5.06818 5.56245 3.68806 4.0304 1.20156 3.95985 
5.47886 2.41592 0 3.72348 5.80711 5.2709 5.72671 6.06172 2.69284 4.52356 
6.422 2.83971 3.72348 0 2.27598 3.13509 2.9032 3.16764 1.65132 1.23305 
8.48208 5.06818 5.80711 2.27598 0 2.41226 3.71574 3.80191 3.87457 1.31709 
9.38207 5.56245 5.2709 3.13509 2.41226 0 5.68625 5.8615 4.45189 2.10567 
5.61818 3.68806 5.72671 2.9032 3.71574 5.68625 0 0.348084 3.11218 3.60483 
5.84046 4.0304 6.06172 3.16764 3.80191 5.8615 0.348084 0 3.4534 3.80234 
4.93146 1.20156 2.69284 1.65132 3.87457 4.45189 3.11218 3.4534 0 2.76134 
7.59396 3.95985 4.52356 1.23305 1.31709 2.10567 3.60483 3.80234 2.76134 0 
0 3.8634 5.47886 6.422 8.48208 9.38207 5.61818 5.84046 4.93146 7.59396 
3.8634 0 2.41592 2.83971 5.06818 5.56245 3.68806 4.0304 1.20156 3.95985 
5.47886 2.41592 0 3.72348 5.80711 5.2709 5.72671 6.06172 2.69284 4.52356 
6.422 2.83971 3.72348 0 2.27598 3.13509 2.9032 3.16764 1.65132 1.23305 
8.48208 5.06818 5.80711 2.27598 0 2.41226 3.71574 3.80191 3.87457 1.31709 
9.38207 5.56245 5.2709 3.13509 2.41226 0 5.68625 5.8615 4.45189 2.10567 
5.61818 3.68806 5.72671 2.9032 3.71574 5.68625 0 0.348084 3.11218 3.60483 
5.84046 4.0304 6.06172 3.16764 3.80191 5.8615 0.348084 0 3.4534 3.80234 
4.93146 1.20156 2.69284 1.65132 3.87457 4.45189 3.11218 3.4534 0 2.76134 
7.59396 3.95985 4.52356 1.23305 1.31709 2.10567 3.60483 3.80234 2.76134 0 
0 3.8634 5.47886 6.422 8.48208 9.38207 5.61818 5.84046 4.93146 7.59396 
3.8634 0 2.41592 2.83971 5.06818 5.56245 3.68806 4.0304 1.20156 3.95985 
5.47886 2.41592 0 3.72348 5.80711 5.2709 5.72671 6.06172 2.69284 4.52356 
6.422 2.83971 3.72348 0 2.27598 3.13509 2.9032 3.16764 1.65132 1.23305 
8.48208 5.06818 5.80711 2.27598 0 2.41226 3.71574 3.80191 3.87457 1.31709 
9.38207 5.56245 5.2709 3.13509 2.41226 0 5.68625 5.8615 4.45189 2.10567 
5.61818 3.68806 5.72671 2.9032 3.71574 5.68625 0 0.348084 3.11218 3.60483 
5.84046 4.0304 6.06172 3.16764 3.80191 5.8615 0.348084 0 3.4534 3.80234 
4.93146 1.20156 2.69284 1.65132 3.87457 4.45189 3.11218 3.4534 0 2.76134 
7.59396 3.95985 4.52356 1.23305 1.31709 2.10567 3.60483 3.80234 2.76134 0 
0 3.8634 5.47886 6.422 8.48208 9.38207 5.61818 5.84046 4.93146 7.59396 
3.8634 0 2.41592 2.83971 5.06818 5.56245 3.68806 4.0304 1.20156 3.95985 
5.47886 2.41592 0 3.72348 5.80711 5.2709 5.72671 6.06172 2.69284 4.52356 
6.422 2.83971 3.72348 0 2.27598 3.13509 2.9032 3.16764 1.65132 1.23305 
8.48208 5.06818 5.80711 2.27598 0 2.41226 3.71574 3.80191 3.87457 1.31709 
9.38207 5.56245 5.2709 3.13509 2.41226 0 5.68625 5.8615 4.45189 2.10567 
5.61818 3.68806 5.72671 2.9032 3.71574 5.68625 0 0.348084 3.11218 3.60483 
5.84046 4.0304 6.06172 3.16764 3.80191 5.8615 0.348084 0 3.4534 3.80234 
4.93146 1.20156 2.69284 1.65132 3.87457 4.45189 3.11218 3.4534 0 2.76134 
7.59396 3.95985 4.52356 1.23305 1.31709 2.10567 3.60483 3.80234 2.76134 0 
0 3.8634 5.47886 6.422 8.48208 9.38207 5.61818 5.84046 4.93146 7.59396 
3.8634 0 2.41592 2.83971 5.06818 5.56245 3.68806 4.0304 1.20156 3.95985 
5.47886 2.41592 0 3.72348 5.80711 5.2709 5.72671 6.06172 2.69284 4.52356 
6.422 2.83971 3.72348 0 2.27598 3.13509 2.9032 3.16764 1.65132 1.23305 
8.48208 5.06818 5.80711 2.27598 0 2.41226 3.71574 3.80191 3.87457 1.31709 
9.38207 5.56245 5.2709 3.13509 2.41226 0 5.68625 5.8615 4.45189 2.10567 
5.61818 3.68806 5.72671 2.9032 3.71574 5.68625 0 0.348084 3.11218 3.60483 
5.84046 4.0304 6.06172 3.16764 3.80191 5.8615 0.348084 0 3.4534 3.80234 
4.93146 1.20156 2.69284 1.65132 3.87457 4.45189 3.11218 3.4534 0 2.76134 
7.59396 3.95985 4.52356 1.23305 1.31709 2.10567 3.60483 3.80234 2.76134 0 
0 3.8634 5.47886 6.422 8.48208 9.38207 5.61818 5.84046 4.93146 7.59396 
3.8634 0 2.41592 2.83971 5.06818 5.56245 3.68806 4.0304 1.20156 3.95985 
5.47886 2.41592 0 3.72348 5.80711 5.2709 5.72671 6.06172 2.69284 4.52356 
6.422 2.83971 3.72348 0 2.27598 3.13509 2.9032 3.16764 1.65132 1.23305 
8.48208 5.06818 5.80711 2.27598 0 2.41226 3.71574 3.80191 3.87457 1.31709 
9.38207 5.56245 5.2709 3.13509 2.41226 0 5.68625 5.8615 4.45189 2.10567 
5.61818 3.68806 5.72671 2.9032 3.71574 5.68625 0 0.348084 3.11218 3.60483 
5.84046 4.0304 6.06172 3.16764 3.80191 5.8615 0.348084 0 3.4534 3.80234 
4.93146 1.20156 2.69284 1.65132 3.87457 4.45189 3.11218 3.4534 0 2.76134 
7.59396 3.95985 4.52356 1.23305 1.31709 2.10567 3.60483 3.80234 2.76134 0 
0 3.8634 5.47886 6.422 8.48208 9.38207 5.61818 5.84046 4.93146 7.59396 
3.8634 0 2.41592 2.83971 5.06818 5.56245 3.68806 4.0304 1.20156 3.95985 
5.47886 2.41592 0 3.72348 5.80711 5.2709 5.72671 6.06172 2.69284 4.52356 
6.422 2.83971 3.72348 0 2.27598 3.13509 2.9032 3.16764 1.65132 1.23305 
8.48208 5.06818 5.80711 2.27598 0 2.41226 3.71574 3.80191 3.87457 1.31709 
9.38207 5.56245 5.2709 3.13509 2.41226 0 5.68625 5.8615 4.45189 2.10567 
5.61818 3.68806 5.72671 2.9032 3.71574 5.68625 0 0.348084 3.11218 3.60483 
5.84046 4.0304 6.06172 3.16764 3.80191 5.8615 0.348084 0 3.4534 3.80234 
4.93146 1.20156 2.69284 1.65132 3.87457 4.45189 3.11218 3.4534 0 2.76134 
7.59396 3.95985 4.52356 1.23305 1.31709 2.10567 3.60483 3.80234 2.76134 0 
0 3.8634 5.47886 6.422 8.48208 9.38207 5.61818 5.84046 4.93146 7.59396 
3.8634 0 2.41592 2.83971 5.06818 5.56245 3.68806 4.0304 1.20156 3.95985 
5.47886 2.41592 0 3.72348 5.80711 5.2709 5.72671 6.06172 2.69284 4.52356 
6.422 2.83971 3.72348 0 2.27598 3.13509 2.9032 3.16764 1.65132 1.23305 
8.48208 5.06818 5.80711 2.27598 0 2.41226 3.71574 3.80191 3.87457 1.31709 
9.38207 5.56245 5.2709 3.13509 2.41226 0 5.68625 5.8615 4.45189 2.10567 
5.61818 3.68806 5.72671 2.9032 3.71574 5.68625 0 0.348084 3.11218 3.60483 
5.84046 4.0304 6.06172 3.16764 3.80191 5.8615 0.348084 0 3.4534 3.80234 
4.93146 1.20156 2.69284 1.65132 3.87457 4.45189 3.11218 3.4534 0 2.76134 
7.59396 3.95985 4.52356 1.23305 1.31709 2.10567 3.60483 3.80234 2.76134 0 
0 3.8634 5.47886 6.422 8.48208 9.38207 5.61818 5.84046 4.93146 7.59396 
3.8634 0 2.41592 2.83971 5.06818 5.56245 3.68806 4.0304 1.20156 3.95985 
5.47886 2.41592 0 3.72348 5.80711 5.2709 5.72671 6.06172 2.69284 4.52356 
6.422 2.83971 3.72348 0 2.27598 3.13509 2.9032 3.16764 1.65132 1.23305 
8.48208 5.06818 5.80711 2.27598 0 2.41226 3.71574 3.80191 3.87457 1.31709 
9.38207 5.56245 5.2709 3.13509 2.41226 0 5.68625 5.8615 4.45189 2.10567 
5.61818 3.68806 5.72671 2.9032 3.71574 5.68625 0 0.348084 3.11218 3.60483 
5.84046 4.0304 6.06172 3.16764 3.80191 5.8615 0.348084 0 3.4534 3.80234 
4.93146 1.20156 2.69284 1.65132 3.87457 4.45189 3.11218 3.4534 0 2.76134 
7.59396 3.95985 4.52356 1.23305 1.31709 2.10567 3.60483 3.80234 2.76134 0 
0 3.8634 5.47886 6.422 8.48208 9.38207 5.61818 5.84046 4.93146 7.59396 
3.8634 0 2.41592 2.83971 5.06818 5.56245 3.68806 4.0304 1.20156 3.95985 
5.47886 2.41592 0 3.72348 5.80711 5.2709 5.72671 6.06172 2.69284 4.52356 
6.422 2.83971 3.72348 0 2.27598 3.13509 2.9032 3.16764 1.65132 1.23305 
8.48208 5.06818 5.80711 2.27598 0 2.41226 3.71574 3.80191 3.87457 1.31709 
9.38207 5.56245 5.2709 3.13509 2.41226 0 5.68625 5.8615 4.45189 2.10567 
5.61818 3.68806 5.72671 2.9032 3.71574 5.68625 0 0.348084 3.11218 3.60483 
5.84046 4.0304 6.06172 3.16764 3.80191 5.8615 0.348084 0 3.4534 3.80234 
4.93146 1.20156 2.69284 1.65132 3.87457 4.45189 3.11218 3.4534 0 2.76134 
7.59396 3.95985 4.52356 1.23305 1.31709 2.10567 3.60483 3.80234 2.76134 0 
0 3.8634 5.47886 6.422 8.48208 9.38207 5.61818 5.84046 4.93146 7.59396 
3.8634 0 2.41592 2.83971 5.06818 5.56245 3.68806 4.0304 1.20156 3.95985 
5.47886 2.41592 0 3.72348 5.80711 5.2709 5.72671 6.06172 2.69284 4.52356 
6.422 2.83971 3.72348 0 2.27598 3.13509 2.9032 3.16764 1.65132 1.23305 
8.48208 5.06818 5.80711 2.27598 0 2.41226 3.71574 3.80191 3.87457 1.31709 
9.38207 5.56245 5.2709 3.13509 2.41226 0 5.68625 5.8615 4.45189 2.10567 
5.61818 3.68806 5.72671 2.9032 3.71574 5.68625 0 0.348084 3.11218 3.60483 
5.84046 4.0304 6.06172 3.16764 3.80191 5.8615 0.348084 0 3.4534 3.80234 
4.93146 1.20156 2.69284 1.65132 3.87457 4.45189 3.11218 3.4534 0 2.76134 
7.59396 3.95985 4.52356 1.23305 1.31709 2.10567 3.60483 3.80234 2.76134 0 
0 3.8634 5.47886 6.422 8.48208 9.38207 5.61818 5.84046 4.93146 7.59396 
3.8634 0 2.41592 2.83971 5.06818 5.56245 3.68806 4.0304 1.20156 3.95985 
5.47886 2.41592 0 3.72348 5.80711 5.2709 5.72671 6.06172 2.69284 4.52356 
6.422 2.83971 3.72348 0 2.27598 3.13509 2.9032 3.16764 1.65132 1.23305 
8.48208 5.06818 5.80711 2.27598 0 2.41226 3.71574 3.80191 3.87457 1.31709 
9.38207 5.56245 5.2709 3.13509 2.41226 0 5.68625 5.8615 4.45189 2.10567 
5.61818 3.68806 5.72671 2.9032 3.71574 5.68625 0 0.348084 3.11218 3.60483 
5.84046 4.0304 6.06172 3.16764 3.80191 5.8615 0.348084 0 3.4534 3.80234 
4.93146 1.20156 2.69284 1.65132 3.87457 4.45189 3.11218 3.4534 0 2.76134 
7.59396 3.95985 4.52356 1.23305 1.31709 2.10567 3.60483 3.80234 2.76134 0 
0 3.8634 5.47886 6.422 8.48208 9.38207 5.61818 5.84046 4.93146 7.59396 
3.8634 0 2.41592 2.83971 5.06818 5.56245 3.68806 4.0304 1.20156 3.95985 
5.47886 2.41592 0 3.72348 5.80711 5.2709 5.72671 6.06172 2.69284 4.52356 
6.422 2.83971 3.72348 0 2.27598 3.13509 2.9032 3.16764 1.65132 1.23305 
8.48208 5.06818 5.80711 2.27598 0 2.41226 3.71574 3.80191 3.87457 1.31709 
9.38207 5.56245 5.2709 3.13509 2.41226 0 5.68625 5.8615 4.45189 2.10567 
5.61818 3.68806 5.72671 2.9032 3.71574 5.68625 0 0.348084 3.11218 3.60483 
5.84046 4.0304 6.06172 3.16764 3.80191 5.8615 0.348084 0 3.4534 3.80234 
4.93146 1.20156 2.69284 1.65132 3.87457 4.45189 3.11218 3.4534 0 2.76134 
7.59396 3.95985 4.52356 1.23305 1.31709 2.10567 3.60483 3.80234 2.76134 0 
0 3.8634 5.47886 6.422 8.48208 9.38207 5.61818 5.84046 4.93146 7.59396 
3.8634 0 2.41592 2.83971 5.06818 5.56245 3.68806 4.0304 1.20156 3.95985 
5.47886 2.41592 0 3.72348 5.80711 5.2709 5.72671 6.06172 2.69284 4.52356 
6.422 2.83971 3.72348 0 2.27598 3.13509 2.9032 3.16764 1.65132 1.23305 
8.48208 5.06818 5.80711 2.27598 0 2.41226 3.71574 3.80191 3.87457 1.31709 
9.38207 5.56245 5.2709 3.13509 2.41226 0 5.68625 5.8615 4.45189 2.10567 
5.61818 3.68806 5.72671 2.9032 3.71574 5.68625 0 0.348084 3.11218 3.60483 
5.84046 4.0304 6.06172 3.16764 3.80191 5.8615 0.348084 0 3.4534 3.80234 
4.93146 1.20156 2.69284 1.65132 3.87457 4.45189 3.11218 3.4534 0 2.76134 
7.59396 3.95985 4.52356 1.23305 1.31709 2.10567 3.60483 3.80234 2.76134 0 
0 3.8634 5.47886 6.422 8.48208 9.38207 5.61818 5.84046 4.93146 7.59396 
3.8634 0 2.41592 2.83971 5.06818 5.56245 3.68806 4.0304 1.20156 3.95985 
5.47886 2.41592 0 3.72348 5.80711 5.2709 5.72671 6.06172 2.69284 4.52356 
6.422 2.83971 3.72348 0 2.27598 3.13509 2.9032 3.16764 1.65132 1.23305 
8.48208 5.06818 5.80711 2.27598 0 2.41226 3.71574 3.80191 3.87457 1.31709 
9.38207 5.56245 5.2709 3.13509 2.41226 0 5.68625 5.8615 4.45189 2.10567 
5.61818 3.68806 5.72671 2.9032 3.71574 5.68625 0 0.348084 3.11218 3.60483 
5.84046 4.0304 6.06172 3.16764 3.80191 5.8615 0.348084 0 3.4534 3.80234 
4.93146 1.20156 2.69284 1.65132 3.87457 4.45189 3.11218 3.4534 0 2.76134 
7.59396 3.95985 4.52356 1.23305 1.31709 2.10567 3.60483 3.80234 2.76134 0 
0 3.8634 5.47886 6.422 8.48208 9.38207 5.61818 5.84046 4.93146 7.59396 
3.8634 0 2.41592 2.83971 5.06818 5.56245 3.68806 4.0304 1.20156 3.95985 
5.47886 2.41592 0 3.72348 5.80711 5.2709 5.72671 6.06172 2.69284 4.52356 
6.422 2.83971 3.72348 0 2.27598 3.13509 2.9032 3.16764 1.65132 1.23305 
8.48208 5.06818 5.80711 2.27598 0 2.41226 3.71574 3.80191 3.87457 1.31709 
9.38207 5.56245 5.2709 3.13509 2.41226 0 5.68625 5.8615 4.45189 2.10567 
5.61818 3.68806 5.72671 2.9032 3.71574 5.68625 0 0.348084 3.11218 3.60483 
5.84046 4.0304 6.06172 3.16764 3.80191 5.8615 0.348084 0 3.4534 3.80234 
4.93146 1.20156 2.69284 1.65132 3.87457 4.45189 3.11218 3.4534 0 2.76134 
7.59396 3.95985 4.52356 1.23305 1.31709 2.10567 3.60483 3.80234 2.76134 0 
0 3.8634 5.47886 6.422 8.48208 9.38207 5.61818 5.84046 4.93146 7.59396 
3.8634 0 2.41592 2.83971 5.06818 5.56245 3.68806 4.0304 1.20156 3.95985 
5.47886 2.41592 0 3.72348 5.80711 5.2709 5.72671 6.06172 2.69284 4.52356 
6.422 2.83971 3.72348 0 2.27598 3.13509 2.9032 3.16764 1.65132 1.23305 
8.48208 5.06818 5.80711 2.27598 0 2.41226 3.71574 3.80191 3.87457 1.31709 
9.38207 5.56245 5.2709 3.13509 2.41226 0 5.68625 5.8615 4.45189 2.10567 
5.61818 3.68806 5.72671 2.9032 3.71574 5.68625 0 0.348084 3.11218 3.60483 
5.84046 4.0304 6.06172 3.16764 3.80191 5.8615 0.348084 0 3.4534 3.80234 
4.93146 1.20156 2.69284 1.65132 3.87457 4.45189 3.11218 3.4534 0 2.76134 
7.59396 3.95985 4.52356 1.23305 1.31709 2.10567 3.60483 3.80234 2.76134 0 
0 3.8634 5.47886 6.422 8.48208 9.38207 5.61818 5.84046 4.93146 7.59396 
3.8634 0 2.41592 2.83971 5.06818 5.56245 3.68806 4.0304 1.20156 3.95985 
5.47886 2.41592 0 3.72348 5.80711 5.2709 5.72671 6.06172 2.69284 4.52356 
6.422 2.83971 3.72348 0 2.27598 3.13509 2.9032 3.16764 1.65132 1.23305 
8.48208 5.06818 5.80711 2.27598 0 2.41226 3.71574 3.80191 3.87457 1.31709 
9.38207 5.56245 5.2709 3.13509 2.41226 0 5.68625 5.8615 4.45189 2.10567 
5.61818 3.68806 5.72671 2.9032 3.71574 5.68625 0 0.348084 3.11218 3.60483 
5.84046 4.0304 6.06172 3.16764 3.80191 5.8615 0.348084 0 3.4534 3.80234 
4.93146 1.20156 2.69284 1.65132 3.87457 4.45189 3.11218 3.4534 0 2.76134 
7.59396 3.95985 4.52356 1.23305 1.31709 2.10567 3.60483 3.80234 2.76134 0 
0 3.8634 5.47886 6.422 8.48208 9.38207 5.61818 5.84046 4.93146 7.59396 
3.8634 0 2.41592 2.83971 5.06818 5.56245 3.68806 4.0304 1.20156 3.95985 
5.47886 2.41592 0 3.72348 5.80711 5.2709 5.72671 6.06172 2.69284 4.52356 
6.422 2.83971 3.72348 0 2.27598 3.13509 2.9032 3.16764 1.65132 1.23305 
8.48208 5.06818 5.80711 2.27598 0 2.41226 3.71574 3.80191 3.87457 1.31709 
9.38207 5.56245 5.2709 3.13509 2.41226 0 5.68625 5.8615 4.45189 2.10567 
5.61818 3.68806 5.72671 2.9032 3.71574 5.68625 0 0.348084 3.11218 3.60483 
5.84046 4.0304 6.06172 3.16764 3.80191 5.8615 0.348084 0 3.4534 3.80234 
4.93146 1.20156 2.69284 1.65132 3.87457 4.45189 3.11218 3.4534 0 2.76134 
7.59396 3.95985 4.52356 1.23305 1.31709 2.10567 3.60483 3.80234 2.76134 0 
0 3.8634 5.47886 6.422 8.48208 9.38207 5.61818 5.84046 4.93146 7.59396 
3.8634 0 2.41592 2.83971 5.06818 5.56245 3.68806 4.0304 1.20156 3.95985 
5.47886 2.41592 0 3.72348 5.80711 5.2709 5.72671 6.06172 2.69284 4.52356 
6.422 2.83971 3.72348 0 2.27598 3.13509 2.9032 3.16764 1.65132 1.23305 
8.48208 5.06818 5.80711 2.27598 0 2.41226 3.71574 3.80191 3.87457 1.31709 
9.38207 5.56245 5.2709 3.13509 2.41226 0 5.68625 5.8615 4.45189 2.10567 
5.61818 3.68806 5.72671 2.9032 3.71574 5.68625 0 0.348084 3.11218 3.60483 
5.84046 4.0304 6.06172 3.16764 3.80191 5.8615 0.348084 0 3.4534 3.80234 
4.93146 1.20156 2.69284 1.65132 3.87457 4.45189 3.11218 3.4534 0 2.76134 
7.59396 3.95985 4.52356 1.23305 1.31709 2.10567 3.60483 3.80234 2.76134 0 
0 3.8634 5.47886 6.422 8.48208 9.38207 5.61818 5.84046 4.93146 7.59396 
3.8634 0 2.41592 2.83971 5.06818 5.56245 3.68806 4.0304 1.20156 3.95985 
5.47886 2.41592 0 3.72348 5.80711 5.2709 5.72671 6.06172 2.69284 4.52356 
6.422 2.83971 3.72348 0 2.27598 3.13509 2.9032 3.16764 1.65132 1.23305 
8.48208 5.06818 5.80711 2.27598 0 2.41226 3.71574 3.80191 3.87457 1.31709 
9.38207 5.56245 5.2709 3.13509 2.41226 0 5.68625 5.8615 4.45189 2.10567 
5.61818 3.68806 5.72671 2.9032 3.71574 5.68625 0 0.348084 3.11218 3.60483 
5.84046 4.0304 6.06172 3.16764 3.80191 5.8615 0.348084 0 3.4534 3.80234 
4.93146 1.20156 2.69284 1.65132 3.87457 4.45189 3.11218 3.4534 0 2.76134 
7.59396 3.95985 4.52356 1.23305 1.31709 2.10567 3.60483 3.80234 2.76134 0 
0 3.8634 5.47886 6.422 8.48208 9.38207 5.61818 5.84046 4.93146 7.59396 
3.8634 0 2.41592 2.83971 5.06818 5.56245 3.68806 4.0304 1.20156 3.95985 
5.47886 2.41592 0 3.72348 5.80711 5.2709 5.72671 6.06172 2.69284 4.52356 
6.422 2.83971 3.72348 0 2.27598 3.13509 2.9032 3.16764 1.65132 1.23305 
8.48208 5.06818 5.80711 2.27598 0 2.41226 3.71574 3.80191 3.87457 1.31709 
9.38207 5.56245 5.2709 3.13509 2.41226 0 5.68625 5.8615 4.45189 2.10567 
5.61818 3.68806 5.72671 2.9032 3.71574 5.68625 0 0.348084 3.11218 3.60483 
5.84046 4.0304 6.06172 3.16764 3.80191 5.8615 0.348084 0 3.4534 3.80234 
4.93146 1.20156 2.69284 1.65132 3.87457 4.45189 3.11218 3.4534 0 2.76134 
7.59396 3.95985 4.52356 1.23305 1.31709 2.10567 3.60483 3.80234 2.76134 0 
0 3.8634 5.47886 6.422 8.48208 9.38207 5.61818 5.84046 4.93146 7.59396 
3.8634 0 2.41592 2.83971 5.06818 5.56245 3.68806 4.0304 1.20156 3.95985 
5.47886 2.41592 0 3.72348 5.80711 5.2709 5.72671 6.06172 2.69284 4.52356 
6.422 2.83971 3.72348 0 2.27598 3.13509 2.9032 3.16764 1.65132 1.23305 
8.48208 5.06818 5.80711 2.27598 0 2.41226 3.71574 3.80191 3.87457 1.31709 
9.38207 5.56245 5.2709 3.13509 2.41226 0 5.68625 5.8615 4.45189 2.10567 
5.61818 3.68806 5.72671 2.9032 3.71574 5.68625 0 0.348084 3.11218 3.60483 
5.84046 4.0304 6.06172 3.16764 3.80191 5.8615 0.348084 0 3.4534 3.80234 
4.93146 1.20156 2.69284 1.65132 3.87457 4.45189 3.11218 3.4534 0 2.76134 
7.59396 3.95985 4.52356 1.23305 1.31709 2.10567 3.60483 3.80234 2.76134 0 
0 3.8634 5.47886 6.422 8.48208 9.38207 5.61818 5.84046 4.93146 7.59396 
3.8634 0 2.41592 2.83971 5.06818 5.56245 3.68806 4.0304 1.20156 3.95985 
5.47886 2.41592 0 3.72348 5.80711 5.2709 5.72671 6.06172 2.69284 4.52356 
6.422 2.83971 3.72348 0 2.27598 3.13509 2.9032 3.16764 1.65132 1.23305 
8.48208 5.06818 5.80711 2.27598 0 2.41226 3.71574 3.80191 3.87457 1.31709 
9.38207 5.56245 5.2709 3.13509 2.41226 0 5.68625 5.8615 4.45189 2.10567 
5.61818 3.68806 5.72671 2.9032 3.71574 5.68625 0 0.348084 3.11218 3.60483 
5.84046 4.0304 6.06172 3.16764 3.80191 5.8615 0.348084 0 3.4534 3.80234 
4.93146 1.20156 2.69284 1.65132 3.87457 4.45189 3.11218 3.4534 0 2.76134 
7.59396 3.95985 4.52356 1.23305 1.31709 2.10567 3.60483 3.80234 2.76134 0 
0 3.8634 5.47886 6.422 8.48208 9.38207 5.61818 5.84046 4.93146 7.59396 
3.8634 0 2.41592 2.83971 5.06818 5.56245 3.68806 4.0304 1.20156 3.95985 
5.47886 2.41592 0 3.72348 5.80711 5.2709 5.72671 6.06172 2.69284 4.52356 
6.422 2.83971 3.72348 0 2.27598 3.13509 2.9032 3.16764 1.65132 1.23305 
8.48208 5.06818 5.80711 2.27598 0 2.41226 3.71574 3.80191 3.87457 1.31709 
9.38207 5.56245 5.2709 3.13509 2.41226 0 5.68625 5.8615 4.45189 2.10567 
5.61818 3.68806 5.72671 2.9032 3.71574 5.68625 0 0.348084 3.11218 3.60483 
5.84046 4.0304 6.06172 3.16764 3.80191 5.8615 0.348084 0 3.4534 3.80234 
4.93146 1.20156 2.69284 1.65132 3.87457 4.45189 3.11218 3.4534 0 2.76134 
7.59396 3.95985 4.52356 1.23305 1.31709 2.10567 3.60483 3.80234 2.76134 0 
0 3.8634 5.47886 6.422 8.48208 9.38207 5.61818 5.84046 4.93146 7.59396 
3.8634 0 2.41592 2.83971 5.06818 5.56245 3.68806 4.0304 1.20156 3.95985 
5.47886 2.41592 0 3.72348 5.80711 5.2709 5.72671 6.06172 2.69284 4.52356 
